"baseMean"	"log2FoldChange"	"lfcSE"	"stat"	"pvalue"	"padj"	"diffexpressed"
"ABCA6"	405.659470764388	1.68920024426108	0.405448170533734	4.16625444884216	3.09645080087337e-05	0.0181430550295076	"UP"
"ABCA8"	1230.74191992633	1.97425586392974	0.579705194043106	3.40562045021617	0.000660138856722595	0.0440075228258247	"UP"
"ABHD17B"	557.974645881315	1.365536418472	0.365669436995796	3.73434659918735	0.000188203161432152	0.0324294008088962	"UP"
"ABHD6"	445.493110537969	0.888525944642196	0.230457305827401	3.85549046254863	0.000115497833763823	0.0288787426649974	"UP"
"ACAT2"	261.444608189806	0.680958884095372	0.187590004986028	3.63003820030866	0.000283379277731614	0.0364324069024265	"UP"
"ACSL1"	1077.22140086021	1.51000711683766	0.45048980334361	3.35192296391646	0.000802523465196378	0.0489803897727642	"UP"
"ACSS3"	301.469794944694	-0.764399390762543	0.213122884436177	-3.58666031001216	0.000334940184117838	0.0374492138109121	"DOWN"
"ADAMTS4"	1811.13833676117	1.84443982798989	0.516857333026322	3.56856662396616	0.000358939584651046	0.0385460590427125	"UP"
"ADGRA3"	497.923299005576	-0.819598741890587	0.234844954683049	-3.48995678019454	0.000483098670423763	0.0415057049893826	"DOWN"
"ADIPOR2"	1800.9803765854	1.5093836586398	0.427471309522352	3.53095897903968	0.000414055956654315	0.0401881699931595	"UP"
"AGPAT4"	1987.07804668292	1.02642201282546	0.296094185339215	3.46653890433397	0.000527205433530087	0.0429914938586893	"UP"
"AIFM3"	669.800205236646	-1.15931488794471	0.321597928414546	-3.60485807125699	0.000312323564353542	0.0371120195899517	"DOWN"
"AL391987.2"	6.95857713694607	-2.02480050237362	0.472709902216264	-4.28338922641666	1.84067758887151e-05	0.0160875674903054	"DOWN"
"ALCAM"	1780.775807331	1.26348681767564	0.350366957977292	3.60618143037771	0.000310735919398747	0.0371120195899517	"UP"
"AMER2"	5828.92800524945	1.42047220022052	0.410328091308324	3.46179613414079	0.000536583441117097	0.0430210709652246	"UP"
"ANGPTL2"	251.501185360655	1.49228174816043	0.407819771413338	3.65916969397729	0.000253033752037373	0.035612604467791	"UP"
"APLP1"	11223.9695467237	1.12960283225572	0.323688824105643	3.4897801472659	0.000483418071218335	0.0415057049893826	"UP"
"APOD"	2638.50758591627	1.1695947648352	0.345470840903347	3.38550935811806	0.000710462870202247	0.0459076079055401	"UP"
"ATG3"	409.467311226036	0.814541794974296	0.209051841793538	3.89636268203151	9.76481297757702e-05	0.0282229265553034	"UP"
"ATOX1"	303.235213255423	0.642839082483489	0.183731584512147	3.49879463669998	0.000467366400918004	0.0407878615693941	"UP"
"B3GNT9"	242.775577483567	1.30703230633774	0.379935120547251	3.44014605560843	0.000581400341294937	0.0430747581848643	"UP"
"BACE1"	2612.83123290771	1.11773116926398	0.307534800218168	3.6344867913194	0.000278534526102449	0.0364095850356333	"UP"
"BAMBI"	125.944212146217	0.998378333009944	0.293058543289236	3.40675389225758	0.000657403756640328	0.0440075228258247	"UP"
"BBX"	1693.80559857716	1.11668449688154	0.323798691657623	3.44869984237704	0.000563292475782724	0.0430210709652246	"UP"
"BOK"	1193.67516682539	1.62225066987716	0.47479236824024	3.41675809973491	0.000633715615222127	0.0439193060982827	"UP"
"BRIX1"	110.671876911696	0.679443624810068	0.190804745775942	3.5609367159448	0.000369534146966187	0.0385460590427125	"UP"
"BTBD3"	1819.73608442198	0.765881899754467	0.222461456508355	3.44276222845688	0.000575805325203188	0.0430210709652246	"UP"
"C21orf91"	492.177766384938	2.55400930014097	0.601705273383118	4.24461844215014	2.18965687156625e-05	0.0166012485145914	"UP"
"CA14"	99.0311278552434	2.1294184827301	0.600694864251476	3.54492540132428	0.000392724216772978	0.0390066039759886	"UP"
"CARNS1"	5197.67470358434	2.17105046068826	0.634265472913416	3.42293653588901	0.000619485389291167	0.0439013253087316	"UP"
"CBR1"	1374.85823458255	1.25228966750714	0.340633264458432	3.67635753219268	0.000236587883507519	0.0352837264653512	"UP"
"CD9"	850.922394331282	1.94868717561882	0.504980522437736	3.85893532331059	0.000113882068609842	0.0288787426649974	"UP"
"CDC42EP1"	1083.57562502284	1.58890752113675	0.452751897972057	3.50944419726057	0.000449044274756416	0.0406901929139087	"UP"
"CDH19"	321.015239767045	2.42312318661672	0.634030921887429	3.82177446393844	0.000132494840228831	0.0296695317714326	"UP"
"CDKN1C"	628.333341948685	2.01112479858396	0.476149011750171	4.22372985967504	2.4029205223343e-05	0.0170795085251543	"UP"
"CELF6"	4.65025661830784	-1.46164383969609	0.414624510763437	-3.52522294691358	0.00042312652026511	0.0406088327740549	"DOWN"
"CERS2"	1055.58592911486	1.49690207040547	0.412655224470149	3.62748847376765	0.000286191546810446	0.0364377531266522	"UP"
"CHADL"	733.402317632445	1.82557819462939	0.488446448179134	3.73751964301289	0.000185844574826202	0.0324294008088962	"UP"
"CHP2"	6.22476699749322	2.81844069714373	0.624877813453772	4.51038688918379	6.47094981948847e-06	0.00932334173568624	"UP"
"CLCA2"	8.91315554320636	2.98375242462798	0.744064900033812	4.01007012223314	6.0700718282283e-05	0.0238041006436298	"UP"
"CLDN11"	1610.77919809611	2.66094396907829	0.620249112876179	4.29012136226867	1.78575504470415e-05	0.0160875674903054	"UP"
"CLDND1"	3608.72184901954	2.21881834650765	0.566096227402229	3.91950738956455	8.87301408725833e-05	0.0282229265553034	"UP"
"CLIC4"	1503.215858909	1.53119018761787	0.426259913385122	3.59215150084838	0.000327959083248565	0.0374492138109121	"UP"
"CMTM5"	426.116382980101	1.85410847578203	0.549188252537635	3.37608910462804	0.000735241033847703	0.0465823323533872	"UP"
"CNDP1"	1724.06015734367	2.59269429625787	0.545084901547441	4.75649626121999	1.96981885578451e-06	0.00918371039517136	"UP"
"CNMD"	8.270629971242	1.41447446183411	0.420659567640279	3.3625158456961	0.000772356932368522	0.0478671891736295	"UP"
"CNP"	21343.75980536	2.05913140813403	0.529573818985454	3.8882802251797	0.000100957027713366	0.0282229265553034	"UP"
"CNTFR"	788.16928359436	-0.720461926311037	0.20691865601426	-3.48186065088973	0.000497942743703015	0.0421991475256865	"DOWN"
"CNTN2"	9879.11337452775	1.84984437787138	0.516612825197174	3.58071710117795	0.00034265249742012	0.0377519396156591	"UP"
"CNTNAP4"	161.674467952229	1.5512498002823	0.400063853674586	3.87750551826683	0.000105532934696587	0.0282229265553034	"UP"
"COL17A1"	11.7535048943057	1.70395405589463	0.400336616977195	4.25630327987634	2.07834738206265e-05	0.0165846453212874	"UP"
"COL4A5"	1455.22870516048	2.0403025821533	0.567058205395476	3.59804789480183	0.00032061458678685	0.0374492138109121	"UP"
"COPB1"	557.956515230238	0.575230963416001	0.166195938373933	3.46116138001976	0.000537850285349594	0.0430210709652246	"UP"
"CPB1"	15.2448016825505	2.40526359681575	0.705725370455989	3.40821472134641	0.000653894183692163	0.0440075228258247	"UP"
"CPS1"	242.91440647556	2.05100136092703	0.463291975044985	4.42701680884475	9.55452896076028e-06	0.0114377769059207	"UP"
"CR1"	60.6524059044608	2.21264514742376	0.61640365288773	3.58960420993281	0.000331180417586392	0.0374492138109121	"UP"
"CR2"	7.20747140698252	2.51200770149163	0.723163723423212	3.47363621836648	0.000513456659401351	0.0429359254341314	"UP"
"CSTF2T"	576.723653052695	0.70544906139963	0.203330720673579	3.46946619311961	0.000521493693620408	0.0429914938586893	"UP"
"CTNNA1"	3074.14803693481	1.1979548163196	0.319396819568906	3.75067860079665	0.000176356635387606	0.0322291627410119	"UP"
"CTSV"	29.5589385189234	2.72816633959212	0.596108314917581	4.57662856115222	4.72529364416411e-06	0.00932334173568624	"UP"
"CUBN"	69.2141499363048	-0.85674857520336	0.225306757311923	-3.80258712798944	0.00014319288258243	0.0296695317714326	"DOWN"
"CYB5R2"	179.952199967042	1.89798653525025	0.549348053123949	3.45497999757544	0.000550333649264004	0.0430210709652246	"UP"
"CYP2E1"	110.159774224766	-0.81839941119476	0.177957924535804	-4.59883656954036	4.24856900605535e-06	0.00932334173568624	"DOWN"
"DBNDD2"	293.132247722347	1.58795528574981	0.444185551155958	3.57498185525684	0.000350252186121244	0.038205223867078	"UP"
"DHCR24"	2907.85809050346	0.672958687687215	0.190620381604862	3.53036061527877	0.000414993613138711	0.0401881699931595	"UP"
"DHCR7"	747.812607951583	1.26859213620325	0.329776117524841	3.84682840505482	0.000119656710219315	0.0288787426649974	"UP"
"DHRS7"	331.351972686613	0.413165711534477	0.115157923141725	3.58781836509845	0.000333456447711387	0.0374492138109121	"UP"
"DIP2B"	3342.87004278654	1.37242936456885	0.391231759270857	3.50797023004129	0.00045153957572077	0.0406901929139087	"UP"
"DIPK1C"	345.296600752988	1.70028333239819	0.446222126416288	3.81039673234842	0.00013874395932212	0.0296695317714326	"UP"
"DIXDC1"	1216.08560404138	1.06726683729451	0.291394512544112	3.66261817347349	0.00024965052065609	0.035612604467791	"UP"
"DMBT1"	28.3698034379686	1.94604891307523	0.526360334254115	3.69718002370545	0.000218007746397788	0.0341971461504668	"UP"
"DMRT2"	54.1232825313618	2.20824602325046	0.584068558736656	3.78079934319167	0.000156325633505337	0.0296695317714326	"UP"
"DMRTA2"	22.9839417280796	2.13360756869901	0.600951207142102	3.55038403008731	0.000384669571839501	0.0389602496526454	"UP"
"DNAH17"	428.362967395632	2.18498436698571	0.613476278317598	3.56164442572715	0.000368539285992062	0.0385460590427125	"UP"
"DNAJC22"	39.1916928650582	1.98439023448524	0.564117807676128	3.51768763099306	0.000435324471192234	0.0406901929139087	"UP"
"DOHH"	568.135312484871	0.951073050748044	0.244741777817165	3.88602656739114	0.000101898359821344	0.0282229265553034	"UP"
"DPH5"	101.138952251612	0.422961580998118	0.12304994758167	3.43731622248267	0.000587509257388268	0.0433860326600524	"UP"
"DPYSL5"	1382.73641982965	0.95163890762317	0.271431388064948	3.50600169865197	0.000454892316822948	0.0406901929139087	"UP"
"DYNC1I2"	1140.8545174251	0.995071935512815	0.263449643150394	3.77708591142317	0.000158674010198499	0.0296695317714326	"UP"
"EDIL3"	3907.44210990469	2.13339735258287	0.462884844406793	4.60891597199929	4.04773869730232e-06	0.00932334173568624	"UP"
"EFHD1"	2452.11870125208	1.90321571897319	0.488263388716149	3.89792837832374	9.7019099333762e-05	0.0282229265553034	"UP"
"ELL2"	960.969585443805	0.652558770412309	0.192177700598037	3.39560088595927	0.000684781323955059	0.0448857383670254	"UP"
"ELOVL1"	762.906545944758	2.07262612429392	0.498320104077334	4.15922638347393	3.19327290360988e-05	0.0181577480481517	"UP"
"EMC7"	259.594262398478	0.547533984286821	0.151623250047996	3.61114792166439	0.000304844720514489	0.0370785730914549	"UP"
"EML1"	532.362749235389	0.996569879157061	0.26667162854351	3.73706751108118	0.000186178947585953	0.0324294008088962	"UP"
"EN2"	5.15273991429468	2.59218221858315	0.680460404752181	3.80945342371126	0.000139274339146301	0.0296695317714326	"UP"
"ENDOD1"	1964.80658003905	1.32008349308182	0.356859213238	3.69917167362419	0.000216304259753769	0.0341655582506909	"UP"
"ENHO"	1053.73009739209	-0.936048033244745	0.229759866319048	-4.07402758471722	4.62070049764174e-05	0.0203049554509181	"DOWN"
"ENPP2"	2984.40126592797	2.42165003526098	0.598106670018642	4.04885977142756	5.14677696520392e-05	0.021678415198808	"UP"
"ENPP6"	178.087307995308	2.35806382011482	0.517959911019958	4.5525990910597	5.29871894638974e-06	0.00932334173568624	"UP"
"EPRS1"	1259.87915288958	0.573626558514418	0.155292767844516	3.69383949089472	0.000220893262993524	0.0342579759577288	"UP"
"ERBB3"	1439.32490682685	1.90740200281317	0.548239951661094	3.4791371862521	0.000503031003236166	0.0423757043281726	"UP"
"FA2H"	729.351867914259	1.96620721011757	0.547933106376044	3.5884073935992	0.000332704127797127	0.0374492138109121	"UP"
"FAM107B"	1571.07867654222	2.08236449335134	0.575542684840932	3.61808871556913	0.000296786671143458	0.0368875018314643	"UP"
"FAM124A"	718.587342079701	1.24862948416933	0.366221724451946	3.4094904829524	0.00065084348710653	0.0440075228258247	"UP"
"FDFT1"	1249.46538987056	0.841522140715246	0.183626269716288	4.58279821299775	4.58794728019733e-06	0.00932334173568624	"UP"
"FEZ1"	4053.3221972091	0.986928922730003	0.280654813473211	3.5165223447137	0.000437239854210228	0.0406901929139087	"UP"
"FGFRL1"	672.778406973161	-0.919499719282335	0.265673728728784	-3.46101108183345	0.000538150658704515	0.0430210709652246	"DOWN"
"FIS1"	831.832745085535	0.639026225495167	0.181016075750065	3.53021809166548	0.000415217244764342	0.0401881699931595	"UP"
"FLNC"	1046.61714958533	1.76378926957725	0.470851735202257	3.74595469807412	0.000179709022000099	0.0324294008088962	"UP"
"FXYD4"	10.5697060789131	2.31880299601825	0.634651066833319	3.65366595472413	0.000258522562784424	0.035612604467791	"UP"
"FZD4"	378.971228095445	-0.687761368253202	0.19374211093264	-3.54988063742282	0.000385405854994294	0.0389602496526454	"DOWN"
"FZD5"	237.562604922795	1.33122247048766	0.389880641713877	3.41443592745651	0.000639142243065797	0.0439193060982827	"UP"
"GALNT6"	365.417195077777	2.27162691547152	0.585418343597505	3.88034802857723	0.000104307102727174	0.0282229265553034	"UP"
"GCLC"	733.565655319594	1.04247015881615	0.308255060996185	3.38184280072228	0.00072001334678131	0.0461104812050263	"UP"
"GJB1"	342.829994362471	2.5955736218884	0.583499726414664	4.44828592780498	8.65582571637253e-06	0.0114377769059207	"UP"
"GJC2"	451.974855040528	1.85769510824961	0.479778645098066	3.87198373089302	0.000107953159389378	0.0282229265553034	"UP"
"GLDN"	1495.71405479661	2.16719621487681	0.600696390819078	3.60780628617019	0.000308796900797362	0.0371120195899517	"UP"
"GLIPR2"	225.03111691108	1.5137979298303	0.451654016692874	3.35167600393485	0.000803239630039176	0.0489803897727642	"UP"
"GLTP"	492.299873614023	1.36002273854159	0.396391235335124	3.43101112564152	0.00060133593744953	0.0438377753118255	"UP"
"GNAI1"	1235.91060630911	1.19967223127044	0.328330034772559	3.65386076269714	0.000258326392138144	0.035612604467791	"UP"
"GNE"	391.120334608278	0.552063344029791	0.162335390209817	3.40075779727548	0.000671993390684337	0.0444164204612465	"UP"
"GOLIM4"	1110.21587093066	-0.704475997918817	0.200801748327012	-3.50831605694765	0.00045095296102757	0.0406901929139087	"DOWN"
"GPIHBP1"	606.749127135829	2.92265247475019	0.669563545701633	4.36501134733606	1.27116159713561e-05	0.0133075717360188	"UP"
"GPR37"	2709.23273995591	2.42779345415594	0.576431645977207	4.21176295767068	2.53385363202669e-05	0.0174643942001355	"UP"
"GPR62"	281.45322731786	2.18414371793126	0.535309127519509	4.08015407480917	4.50058596398517e-05	0.0203049554509181	"UP"
"GRM3"	1431.18062746898	0.929871414689811	0.26543758217407	3.50316412270519	0.000459766083925018	0.0406901929139087	"UP"
"GSN"	5763.54888310722	1.42605810397951	0.403028924824678	3.53835175626627	0.000402633294515825	0.0398169316685323	"UP"
"H1-4"	1091.47706464352	0.505767253910693	0.11180481810829	4.52366241874143	6.07786387288834e-06	0.00932334173568624	"UP"
"H2AJ"	117.646275118028	1.10623404642992	0.315220083235578	3.50940217728191	0.000449115232430605	0.0406901929139087	"UP"
"HACD1"	37.9308227816815	0.924146518887547	0.276116806154547	3.34694049144653	0.000817087487981765	0.0493164516032446	"UP"
"HAPLN2"	1974.52753907368	2.20573240869841	0.536799750174906	4.10904142183321	3.97304816371516e-05	0.0203049554509181	"UP"
"HHIP"	1591.32719700586	2.20947160439949	0.598246202840466	3.69324802047877	0.000221407890340124	0.0342579759577288	"UP"
"HINT3"	724.828031876011	0.654082868802178	0.193200347571558	3.3855160046227	0.000710445665083057	0.0459076079055401	"UP"
"HOXD1"	20.5944383882381	3.12281199297182	0.764525263606081	4.08464198847042	4.41448261169566e-05	0.0203049554509181	"UP"
"HSD11B1"	42.6406168310712	1.30148248815519	0.370670301589864	3.51115933100905	0.000446156901614092	0.0406901929139087	"UP"
"HSPA2"	3492.70797756846	2.05289955064355	0.531444702452469	3.86286577167858	0.000112064590535274	0.0288787426649974	"UP"
"IL2RB"	8.59701322836866	-2.38409760727712	0.626588037177421	-3.80488848465209	0.000141868091131864	0.0296695317714326	"DOWN"
"ILF2"	551.706053259946	0.552368862492578	0.164177168644015	3.36446819649009	0.000766913224304072	0.0476596756469839	"UP"
"INSIG1"	653.527833073672	1.27293770772524	0.334353861589085	3.80715718872019	0.000140573401920447	0.0296695317714326	"UP"
"IP6K3"	145.721349058105	2.49708196877752	0.622303514826935	4.01264320268538	6.00426320121644e-05	0.0238041006436298	"UP"
"IPO13"	2052.47451735885	0.967305480043928	0.285899608394425	3.38337462396745	0.00071600891062252	0.0461104812050263	"UP"
"ITGA2"	321.636334333215	2.21473652994003	0.593742750553763	3.73012812008977	0.00019138242732457	0.0327292730037395	"UP"
"JAM3"	1623.32560660706	1.69449844456716	0.444462876117758	3.81246339259662	0.000137588612392616	0.0296695317714326	"UP"
"JPT2"	282.068932274277	1.86425535568283	0.462640501942419	4.02959824713933	5.58722607125791e-05	0.0226931173197788	"UP"
"JUP"	460.494512636879	0.980755774832398	0.289195743407718	3.39132161239904	0.000695564267574283	0.0454615208792444	"UP"
"KCNJ14"	42.1579356479699	-0.88782171278285	0.261119583649759	-3.40005793657242	0.000673715764305563	0.0444164204612465	"DOWN"
"KCNJ2"	528.598537384793	1.60759616105184	0.452369899870178	3.55372044318863	0.000379822726359684	0.0387402148477623	"UP"
"KCNMB4"	1605.31057121898	1.21933225908427	0.341937831670505	3.56594721656666	0.000362544341858567	0.0385460590427125	"UP"
"KIAA1324L"	928.882340596179	1.4351902829127	0.396535251029525	3.61932584602886	0.000295371517569482	0.0368875018314643	"UP"
"KIF19"	866.347053158581	2.50203751626477	0.598253595881635	4.18223564971233	2.8865655188516e-05	0.0181430550295076	"UP"
"KLHL32"	780.668047310038	1.37914290609574	0.373619151492776	3.69130677746429	0.000223104849994776	0.0342872960346701	"UP"
"KLHL4"	319.967308456077	1.21414976305795	0.345140110025075	3.5178460219235	0.000435064729294744	0.0406901929139087	"UP"
"KLK6"	559.108129256318	2.38491776675975	0.620124850247196	3.84586711177446	0.00012012685865386	0.0288787426649974	"UP"
"LAMP1"	2201.05960058802	0.914959518104966	0.26495898533217	3.45321188846611	0.000553953694906217	0.0430210709652246	"UP"
"LAMP2"	3128.98466720158	1.7238070169523	0.491716873717073	3.50569018289203	0.000455425004895141	0.0406901929139087	"UP"
"LAMTOR5"	216.406629208705	0.459264704475045	0.134079056298579	3.42532769213645	0.000614058298911166	0.0439013253087316	"UP"
"LARP6"	1283.44891309151	1.11781665725404	0.304122938621465	3.67554207624356	0.000237344917529072	0.0352837264653512	"UP"
"LGI3"	2750.44562498672	1.02914711864676	0.298980002875449	3.44219382148941	0.000577016655253922	0.0430210709652246	"UP"
"LGR5"	219.37530888881	2.569445595336	0.616885436641218	4.16519088102642	3.11092172411869e-05	0.0181430550295076	"UP"
"LIPE"	831.404031318811	2.29639695297518	0.507987055261	4.52058163528461	6.16699574811285e-06	0.00932334173568624	"UP"
"LRATD2"	322.741770263996	1.2279862169884	0.356024489068289	3.44916221971702	0.000562328773216384	0.0430210709652246	"UP"
"LRP2"	2175.9303893839	2.58381868239813	0.751937014672695	3.43621690644238	0.00058989848578267	0.0434214921007341	"UP"
"LRRC8D"	556.553302667889	1.32514106052353	0.349688814861474	3.78948654977275	0.000150958984426279	0.0296695317714326	"UP"
"MAG"	6095.44218619942	2.44423134240644	0.623017098624527	3.92321711202263	8.73743454848846e-05	0.0282229265553034	"UP"
"MAL"	1191.36746288882	2.12359860109259	0.506843999664615	4.18984658494093	2.79143118506452e-05	0.0181430550295076	"UP"
"MAP6D1"	117.204124758754	1.48166022874311	0.398336410877311	3.71962037183556	0.000199522442103417	0.0329100760508668	"UP"
"MARCKSL1"	2982.0760613358	1.22804424681912	0.363508023662885	3.37831400375911	0.000729317504268346	0.0463361079178311	"UP"
"MCM2"	109.271836812699	0.753181898061011	0.224133349008689	3.36041870338452	0.000778244307846001	0.0481009966901013	"UP"
"MMAB"	302.178777177599	0.913032352472773	0.270838713741624	3.37112940708983	0.000748606839379781	0.0468953908824503	"UP"
"MMEL1"	10.25355228826	-2.1781979951878	0.539147635742497	-4.04007706013226	5.34336419528657e-05	0.0220972397494169	"DOWN"
"MOB3B"	631.596982417962	1.49505633157003	0.445234973195955	3.35790407666838	0.000785358618804058	0.0481481988805884	"UP"
"MOG"	2557.32967151459	2.0916413027373	0.607793844038662	3.44136638311238	0.000578784247762529	0.0430210709652246	"UP"
"MOSPD2"	315.117140159783	1.61127438029835	0.426273574872475	3.77990679056373	0.000156887079276609	0.0296695317714326	"UP"
"MRPL24"	227.872856720761	0.512518288168754	0.134931223119876	3.79836687401419	0.00014565262465347	0.0296695317714326	"UP"
"MTMR2"	614.5417762056	0.846132660550974	0.253157069065959	3.34232286569298	0.00083080362618505	0.0499910806285158	"UP"
"MYL6"	1429.87175100708	0.459607475778625	0.121564302203941	3.78077665437974	0.000156339882080558	0.0296695317714326	"UP"
"MYRF"	5346.21230660925	1.9421232649605	0.570395381301879	3.4048720039208	0.000661950723011313	0.0440075228258247	"UP"
"NENF"	402.932536137654	0.888423534835624	0.26008358775176	3.41591540825556	0.000635679906419328	0.0439193060982827	"UP"
"NFE2L3"	19.2644144117154	2.00687028498413	0.57131567961877	3.51271697343102	0.000443549683777585	0.0406901929139087	"UP"
"NFKBID"	68.9804062505158	-1.15617879858824	0.339584379270044	-3.4046878159517	0.000662397320461978	0.0440075228258247	"DOWN"
"NGFR"	179.055455143002	2.74957285046167	0.630307077949468	4.36227506663364	1.28716895226386e-05	0.0133075717360188	"UP"
"NINJ2"	160.637419493558	2.19074390504613	0.55079971065795	3.97738753789323	6.96765583205817e-05	0.0264132219833605	"UP"
"NIPAL3"	2724.9081803195	1.17081772734048	0.334671480027358	3.49840902859357	0.000468042728934353	0.0407878615693941	"UP"
"NIPAL4"	129.299311240005	2.47771953269485	0.653339433866397	3.79239244450921	0.000149202878462785	0.0296695317714326	"UP"
"NPC1"	1761.57328190204	1.65589998154352	0.437365418413785	3.7860788983936	0.000153043100272398	0.0296695317714326	"UP"
"NPIPB3"	39.1598045552	-1.35554457436945	0.26559235513995	-5.10385388786951	3.32805267354624e-07	0.00714512228250235	"DOWN"
"NR5A2"	4.59941773205313	2.41909679884381	0.678760872141628	3.5639897615357	0.000365260207685939	0.0385460590427125	"UP"
"NRIP2"	111.340374333592	1.49117267644709	0.330817782913824	4.50753482268374	6.55851693871092e-06	0.00932334173568624	"UP"
"NSMCE1"	229.218666468841	0.471494812184752	0.135438374387044	3.4812497884636	0.000499079827848304	0.0421991475256865	"UP"
"OLIG2"	1174.76565298681	1.57052079572415	0.436761509475661	3.59583150449679	0.000323357055903788	0.0374492138109121	"UP"
"OSTF1"	309.610724218439	0.792803877751169	0.219670717304842	3.60905580624557	0.000307313500518045	0.0371120195899517	"UP"
"PACC1"	342.165181976496	1.80292042573019	0.438909470290636	4.10772732822633	3.99571428429094e-05	0.0203049554509181	"UP"
"PAIP1"	302.155565191424	0.507484096899965	0.145719410134906	3.48261152327023	0.00049654834884137	0.0421991475256865	"UP"
"PAQR4"	947.421368363329	1.16821742896143	0.3319534349723	3.51922078787621	0.000432816349957248	0.0406901929139087	"UP"
"PCNA"	165.254477278829	0.887450948036618	0.239433716279987	3.70645772794529	0.000210178297531197	0.0336655308263878	"UP"
"PCSK6"	1143.54039280286	1.88046953862159	0.544841751545922	3.45140498738577	0.000557676069900874	0.0430210709652246	"UP"
"PDE1C"	1791.58145795245	1.54702748237055	0.425163359687745	3.63866604946094	0.000274053901105489	0.0362929800751843	"UP"
"PDIA3"	898.004964899144	0.418753295541745	0.114114195175349	3.66959864106551	0.000242931585644785	0.0354178814557909	"UP"
"PEPD"	577.04610619642	0.590299867236424	0.175728214461723	3.35916386019505	0.000781786962997848	0.0481481988805884	"UP"
"PHB"	518.722731442324	0.510486453587968	0.151441460338552	3.37085004626052	0.000749366356097	0.0468953908824503	"UP"
"PHLDA3"	830.605416389655	1.05385735566564	0.312676789160554	3.37043679671567	0.000750491197239477	0.0468953908824503	"UP"
"PIP4K2A"	5017.83283517109	1.77732152235525	0.521716082469717	3.40668340899461	0.000657573531503195	0.0440075228258247	"UP"
"PLCL1"	1731.37955314086	1.6213143923654	0.409965762409118	3.95475559431579	7.6612929585727e-05	0.0276855762018514	"UP"
"PLIN3"	551.571082666325	1.5773602389409	0.431772576174741	3.65322006533025	0.000258972097031533	0.035612604467791	"UP"
"PLLP"	1610.60781656556	1.92481264496296	0.523065243826337	3.67987104415987	0.000233351928453219	0.0351496000838972	"UP"
"PLP1"	38020.0234831052	2.41395482130427	0.628804635733557	3.83895837295819	0.000123557374231173	0.0289722935761652	"UP"
"PLPP2"	317.076724954591	1.76198827055507	0.517228880110785	3.40659297713165	0.000657791416789001	0.0440075228258247	"UP"
"PLPPR1"	262.1737938054	1.35914219081929	0.392083163056489	3.46646405375861	0.00052735224385906	0.0429914938586893	"UP"
"PLTP"	693.513990764967	-0.698422619699751	0.176613216665617	-3.9545320156989	7.6684603241004e-05	0.0276855762018514	"DOWN"
"POP4"	193.907117045444	0.466298205281815	0.133563488323618	3.49121014383807	0.000480837892297107	0.0415057049893826	"UP"
"POU2F2"	214.477449111692	-0.782652598588681	0.228521745373941	-3.42484955778711	0.000615139945461428	0.0439013253087316	"DOWN"
"PPIB"	694.084359225177	0.529000530252459	0.153547460354248	3.44519231403768	0.000570653230597872	0.0430210709652246	"UP"
"PRKCQ"	180.746361480469	1.52381585947379	0.444648599201071	3.42701149224744	0.00061026324215014	0.0439013253087316	"UP"
"PROX1"	697.734366236088	1.26852764724824	0.371028135058358	3.41895270839425	0.000628626509959646	0.0439193060982827	"UP"
"PRR18"	1564.02696246152	2.08065364102185	0.561091852133559	3.70822287493597	0.000208718914896628	0.0336655308263878	"UP"
"PRRG1"	482.662452365003	1.71027034834234	0.469949327939758	3.63926544131918	0.000273416853852615	0.0362929800751843	"UP"
"PSEN1"	1263.39649165572	1.16987509739015	0.342801817218271	3.41268639379836	0.00064325920154528	0.043936728345788	"UP"
"QDPR"	3229.56916680778	1.4297035283508	0.377974106381512	3.78254357696057	0.000155233905840805	0.0296695317714326	"UP"
"RAB33A"	184.133291929649	1.29731248318322	0.334150441930059	3.8824203723626	0.000103421887954504	0.0282229265553034	"UP"
"RAPGEF5"	4871.75956535775	1.12247660866362	0.29283472729816	3.8331403485514	0.000126517721778796	0.0290671270894821	"UP"
"RBP7"	47.4969122302743	2.04371605046209	0.578811292397539	3.53088489686623	0.000414171938536658	0.0401881699931595	"UP"
"RCAN3"	124.151831198572	1.46537539616443	0.373487616034641	3.92349125714656	8.72749340090441e-05	0.0282229265553034	"UP"
"REEP3"	600.232602431551	1.55219030596176	0.435444274518187	3.56461296380401	0.000364393490133382	0.0385460590427125	"UP"
"RFFL"	685.147383591426	1.43025731687756	0.388164373894158	3.68466920992486	0.000228999852150626	0.0349250880184308	"UP"
"RFWD3"	146.762965815515	0.80070611826057	0.23796907485159	3.36474862861879	0.000766134232281268	0.0476596756469839	"UP"
"RHOG"	398.861032168429	1.49615499379044	0.413465484616352	3.61857289050064	0.000296232068769026	0.0368875018314643	"UP"
"RHOU"	1454.51192444423	1.6789921251427	0.462170571828144	3.632840832988	0.000280317944090216	0.0364324069024265	"UP"
"RNASE1"	1032.86634447435	1.82282157408162	0.52639307458839	3.46285249954508	0.00053448130557685	0.0430210709652246	"UP"
"RNF5"	217.683398206725	0.537178988313265	0.160346580864375	3.350111897725	0.000807789207591698	0.0489951080711284	"UP"
"RTF2"	677.518145258577	0.521992088903054	0.142783109449293	3.65583920196409	0.000256342005178452	0.035612604467791	"UP"
"RTKN"	1404.10158514988	1.8999253499473	0.506701837689969	3.74959238081507	0.000177122239728577	0.0322291627410119	"UP"
"SARDH"	126.391697032465	-1.01936191269659	0.267838918538303	-3.80587674957631	0.0001413027400922	0.0296695317714326	"DOWN"
"SBDS"	920.224405394813	0.780023412673265	0.208369178693084	3.74346828818765	0.000181497518021091	0.0324294008088962	"UP"
"SCARB2"	3280.73149050503	1.16816413901039	0.321402042172112	3.63458841492	0.000278424764810464	0.0364095850356333	"UP"
"SCCPDH"	588.930974511445	0.811574018912909	0.184334378343002	4.40272740336457	1.06898447437161e-05	0.0121570259347911	"UP"
"SCX"	35.2470025750891	-1.35562785075339	0.347089002415992	-3.9057067245497	9.39504011409918e-05	0.0282229265553034	"DOWN"
"SEC23B"	597.924679114244	0.666592635539242	0.150476281661464	4.42988508341081	9.42833156091861e-06	0.0114377769059207	"UP"
"SELENOF"	466.751557751523	0.735007729493995	0.218864320927822	3.35828026412943	0.000784290493797229	0.0481481988805884	"UP"
"SELENOP"	1599.81272984594	2.00849614852986	0.540691519934698	3.71468032043934	0.000203460742845917	0.0330551042573599	"UP"
"SELL"	58.8595270869459	1.71795286348113	0.481007663318584	3.5715706723435	0.000354846765119513	0.0384332841554444	"UP"
"SERPINA5"	33.0730794603874	3.6059257810753	0.728739300736669	4.94816977406068	7.49145542180114e-07	0.00714512228250235	"UP"
"SFR1"	52.146819673213	1.32545768991246	0.371544112042209	3.56743021071447	0.000360499349756549	0.0385460590427125	"UP"
"SGK1"	1570.80017870328	1.81102069394582	0.489440258686392	3.70018743208093	0.000215440287257454	0.0341655582506909	"UP"
"SIAE"	359.283462987117	0.598622582993682	0.160944784634009	3.71942827693957	0.000199674235876879	0.0329100760508668	"UP"
"SIRT2"	2171.54401714143	1.06111145304178	0.307513884809461	3.45061314450649	0.000559314666483427	0.0430210709652246	"UP"
"SLAIN1"	2478.38225405818	1.51918743223302	0.44092908120952	3.44542353175188	0.000570165262338652	0.0430210709652246	"UP"
"SLC12A2"	2112.68268005768	1.38973381492334	0.385742118077173	3.60275362682927	0.000314863933343293	0.0371120195899517	"UP"
"SLC16A8"	37.3656000011003	1.45043913560022	0.407468835026544	3.55963207715195	0.000371374722803269	0.0385460590427125	"UP"
"SLC22A6"	12.1974674656236	-1.95095730941003	0.507346218158244	-3.84541608783908	0.000120348044835127	0.0288787426649974	"DOWN"
"SLC25A48"	361.303479832355	1.77267735398413	0.524275314482422	3.38119553794777	0.000721711642514371	0.0461104812050263	"UP"
"SLC27A6"	33.9624807616038	2.5150937186853	0.699309818260871	3.59653711846938	0.000322481585208032	0.0374492138109121	"UP"
"SLC31A2"	602.744222868998	2.27066049409244	0.536504791401225	4.23232099784609	2.31291979741825e-05	0.0169701163846058	"UP"
"SLC44A1"	3942.55919118783	1.79263260387925	0.499907641309781	3.58592759090953	0.00033588215508578	0.0374492138109121	"UP"
"SLC45A3"	365.002899514057	2.29009023433551	0.588463043420856	3.89164665468667	9.95661771075476e-05	0.0282229265553034	"UP"
"SLC5A11"	424.862247115376	2.37317493491744	0.673510955538099	3.52358772400577	0.000425746136533644	0.0406088327740549	"UP"
"SLC6A9"	449.384158728394	1.42921030396976	0.407958951415622	3.50331889767435	0.00045949899393353	0.0406901929139087	"UP"
"SMIM26"	43.8535362138996	0.801871013795573	0.234783523651379	3.41536323045496	0.000636970087911196	0.0439193060982827	"UP"
"SMIM5"	127.313423257321	2.11503495369295	0.604462348764952	3.49903506482152	0.000466945169419215	0.0407878615693941	"UP"
"SMIM6"	19.7451381783707	3.89321907527361	0.794000518418769	4.90329538200662	9.42421052869072e-07	0.00714512228250235	"UP"
"SNW1"	371.962200644866	0.401062170596191	0.119833572896361	3.34682644356314	0.000817423708701834	0.0493164516032446	"UP"
"SORT1"	8079.34177510684	0.960822558012572	0.26307397711712	3.65229038820824	0.000259911731881878	0.035612604467791	"UP"
"SOX10"	2028.21372504407	1.56747723908884	0.435082109973927	3.6027159084587	0.000314909640838016	0.0371120195899517	"UP"
"SOX8"	2061.59522703506	1.44235554221935	0.401395275085365	3.59335456032112	0.000326447896379841	0.0374492138109121	"UP"
"SPOCD1"	33.4454836045956	1.61587378618811	0.446859344963603	3.61606801871789	0.000299111811609844	0.0369744464949234	"UP"
"SPOCK3"	1086.52069981469	1.72837988204087	0.457685032321512	3.776352207268	0.000159141915854684	0.0296695317714326	"UP"
"SPP1"	3455.62383012125	2.32076284092533	0.593968603873176	3.90721466722652	9.33661977302119e-05	0.0282229265553034	"UP"
"SPTLC2"	1560.86961931144	1.29084155214413	0.353836319959251	3.64813186021376	0.00026415406484466	0.0357630012195941	"UP"
"SQLE"	393.465920629929	1.00679893012313	0.264524473362603	3.80607101235219	0.000141191859141046	0.0296695317714326	"UP"
"STMN4"	2814.02074103673	1.03931338632225	0.295680960342731	3.51498244972403	0.000439783050864596	0.0406901929139087	"UP"
"SUN2"	5552.64136144793	1.44546961410655	0.375190055283656	3.85263306889551	0.000116854435014664	0.0288787426649974	"UP"
"SYNJ2"	3093.95299167808	1.21676656049572	0.353184932792209	3.44512590295461	0.000570793458257659	0.0430210709652246	"UP"
"TAFA4"	28.5275810923094	2.22872210649598	0.472734037344348	4.71453699212384	2.42260990859653e-06	0.00918371039517136	"UP"
"TALDO1"	835.281484129539	0.958427251025285	0.24555427468017	3.90311776194333	9.49614696277145e-05	0.0282229265553034	"UP"
"TBCB"	1154.95965695496	0.616295395242288	0.176044377810959	3.50079566814727	0.00046387135847396	0.0407878615693941	"UP"
"TBX3"	85.5605303043214	-0.959901692204477	0.233069150112371	-4.11852744879224	3.81301157115361e-05	0.0203049554509181	"DOWN"
"TCP11L2"	426.699199249868	1.43402390474479	0.395524258488948	3.62562819844047	0.000288259847812098	0.0364377531266522	"UP"
"TF"	8847.93949295436	2.53532011480401	0.622341570702189	4.0738402095547	4.62442161125098e-05	0.0203049554509181	"UP"
"TGFA"	332.895309369412	1.76827702528051	0.475839275836026	3.7161224704996	0.00020230355086007	0.0330551042573599	"UP"
"THAP9"	76.5391017523293	1.17225201917108	0.329652584828872	3.55602253135558	0.000376511801844154	0.0386109829245172	"UP"
"THBS2"	932.242279089758	1.81024737450823	0.434334366158994	4.16786585532485	3.07464778906357e-05	0.0181430550295076	"UP"
"TLL2"	109.776577437067	0.964632055276429	0.251206601702545	3.83999484384035	0.000123036894437028	0.0289722935761652	"UP"
"TMC7"	293.410239918672	1.6005389995818	0.469801337600987	3.40684215109914	0.000657191222756711	0.0440075228258247	"UP"
"TMEM125"	279.795135939966	2.60533779378288	0.604124247747979	4.31258603423868	1.61356062002881e-05	0.0152918484593981	"UP"
"TMEM139"	31.0980224322706	2.28930700372373	0.629225592958223	3.63829289422392	0.000274451201272003	0.0362929800751843	"UP"
"TMEM144"	3256.28400664824	2.63895494780907	0.647463272291104	4.07583728799149	4.58490715357043e-05	0.0203049554509181	"UP"
"TMEM151A"	1356.58314026511	0.870107074534804	0.247099083269181	3.52128815300759	0.000429455664024326	0.0406901929139087	"UP"
"TMEM171"	12.7762228569144	2.12991749054387	0.583629175975171	3.64943628286754	0.000262816417001061	0.0357630012195941	"UP"
"TMEM87A"	545.718004733184	1.09343734567106	0.324060498779351	3.374176580576	0.000740368586709275	0.0467768986241735	"UP"
"TMEM88B"	618.033902895037	2.51139838533766	0.639051219838133	3.92988591113836	8.49861762607225e-05	0.0282229265553034	"UP"
"TMEM98"	528.494200279767	1.8481950277301	0.495779118381781	3.72785976497477	0.000193112777378459	0.0327569895594192	"UP"
"TMTC4"	690.842051614063	1.64574464973988	0.436068543569932	3.77405037351875	0.000160618306783529	0.0297013283560274	"UP"
"TNFAIP6"	11.5289132929673	1.36952708158142	0.403191307612857	3.39671777571265	0.000681992658388096	0.0448321474423042	"UP"
"TOGARAM2"	121.380217219499	-1.13617838504444	0.318896817149736	-3.56284015375089	0.000366864082271507	0.0385460590427125	"DOWN"
"TRIM59"	137.120152609436	2.47137975781729	0.620315154419218	3.98407122607082	6.77445533453502e-05	0.0261160994210168	"UP"
"TSPAN15"	604.97480597564	2.05949119484146	0.538384587373718	3.8253160345615	0.000130604433105386	0.0296695317714326	"UP"
"TSPAN8"	10.6793422570618	3.46015926909289	0.800264947289673	4.32376712339046	1.53387210828037e-05	0.0151686613490596	"UP"
"TTYH2"	2706.63359986404	1.92458416200437	0.508490337422687	3.78489819837922	0.000153771511454786	0.0296695317714326	"UP"
"TUBA1A"	6008.42377101016	1.40140630763187	0.344451775611843	4.06851236328389	4.73142509957643e-05	0.0203049554509181	"UP"
"TXNL4B"	136.776179843493	0.514558707269699	0.126424035528829	4.0701019004599	4.69925786505032e-05	0.0203049554509181	"UP"
"UGT8"	1148.71568417569	2.10539244184534	0.589023439251324	3.57437803242837	0.00035106141078124	0.038205223867078	"UP"
"VENTX"	12.3256652023888	-1.50557536438034	0.439975575056222	-3.42195214856631	0.000621732546337492	0.0439013253087316	"DOWN"
"VIPR2"	99.1394338206628	-0.673228773920682	0.195323575692805	-3.4467358665372	0.000567403028014322	0.0430210709652246	"DOWN"
"VWA1"	1805.54027524991	1.51971278524671	0.388836710905856	3.90835726828957	9.29258205029051e-05	0.0282229265553034	"UP"
"YWHAQ"	2621.16841291271	0.731315951223249	0.195808056085671	3.73486140377839	0.000187818594465565	0.0324294008088962	"UP"
"ZDHHC20"	913.743628420712	1.4842574251431	0.427964075396148	3.4681822855556	0.000523991722804039	0.0429914938586893	"UP"
"ZDHHC9"	1366.94861756699	1.69174175494359	0.43197819406031	3.91626655744433	8.99308125863414e-05	0.0282229265553034	"UP"
"ZNF423"	529.836858739824	-0.738218885215316	0.218010477014868	-3.38616242358376	0.000708774195753318	0.0459076079055401	"DOWN"
"ZNF488"	532.444016172522	1.33254985334553	0.313361333928837	4.25243866765052	2.1145513929098e-05	0.0165846453212874	"UP"
"ZNF536"	1474.71862332656	1.53666091935373	0.438340158274393	3.50563572683617	0.000455518183824194	0.0406901929139087	"UP"
"ZNF652"	1559.62273321344	1.3477443804572	0.398505093483474	3.38200038718725	0.000719600431932337	0.0461104812050263	"UP"
